vertices:  [(76.551724137931032, 288.72413793103448), (76.568181818181813, 613.61363636363637), (138.72727272727272, 126.04545454545455), (139.33333333333334, 450.33333333333331), (265.18181818181819, 207.5151515151515), (264.96666666666664, 369.53333333333336), (265.41379310344826, 694.51724137931035), (265.51724137931035, 45.379310344827587), (327.57692307692309, 532.42307692307691)]
connections:  [(0, 4), (0, 5), (1, 6), (1, 8), (2, 4), (2, 7), (3, 5), (3, 8)]
